1	WBGene00011364   T02B5.3 4.123491e-29 6.793040e-25  168.2823 230.614821           13 4.375414
2  	WBGene00013875   ZC376.3 8.413177e-26 6.929934e-22  151.9309  44.301085           13 5.337451
3  	WBGene00015052   clec-52 3.485065e-23 1.913765e-19  138.9064  44.939089           13 5.301985
4  	WBGene00017500   pud-2.2 8.486500e-22 2.796132e-18  131.9662  88.321318           13 7.985541
5  	WBGene00017490   pud-2.1 8.486500e-22 2.796132e-18  131.9662  88.321318           13 7.985541
6  	WBGene00001399     fat-7 6.185585e-21 1.698355e-17  127.6322  36.476551           13 7.918823
7  	WBGene00008220   C50B6.7 1.884441e-20 4.434897e-17  125.1957  16.264949           13 5.935504
8  	WBGene00017320   F09G8.5 3.278612e-20 6.751482e-17  123.9829  30.462024           13 4.389306
9  	WBGene00011668   clec-47 5.053349e-20 9.249876e-17  123.0346  34.722786           13 7.082621
10 	WBGene00015577    ugt-64 1.626884e-19 2.436481e-16  120.4684   8.563681           13 7.266502
11 	WBGene00017501     pud-3 1.614661e-19 2.436481e-16  120.4850 156.896430           13 6.422604
12 	WBGene00010769    asah-1 2.066218e-19 2.660659e-16  119.9431  19.167266           13 5.720873
13 	WBGene00021236   pud-1.2 2.099586e-19 2.660659e-16  119.9078  91.977859           13 8.058030
14 	WBGene00016048   C24B9.3 4.479805e-19 5.271450e-16  118.2409   7.730361           13 7.115861
15 	WBGene00003093     lys-4 5.044826e-19 5.540565e-16  117.9794  17.625235           13 8.692798
16 	WBGene00015930  C17H12.4 8.601005e-19 8.855810e-16  116.8043  20.625301           13 6.514489
17 	WBGene00021055  W06A11.4 1.654837e-18 1.603634e-15  115.3612  15.540837           13 5.262310
18 	WBGene00009773    lipl-2 8.389518e-18 7.678273e-15  111.7736  55.231516           13 3.484119
19 	WBGene00017498     pud-4 1.256714e-17 1.089637e-14  110.8787 149.893892           13 5.296202
20 	WBGene00000190   arf-1.1 6.544624e-17 5.390807e-14  107.2161  49.163418           13 4.504574